CameraSpeed = 10.000000
WindowWidth = 2528
TopPanel = 0.700000
WindowHeight = 1291
LeftPanel = 0.500000
RootSplitter = 0.743359
LeftBottom = 0.500000
LeftTop = 0.500000
BottomPanel = 0.500000
